[rsd_fit]
D_linear = 34.071709329818795
D_Zdelta = 3534394.573504314
D_mu0 = 3534394.573504314
D_mu2 = 14779881.927588137
D_mu4 = 12662547.242638418
D_mu6 = 3013492.042389014
f = 0.6188894287255566
