[rsd_fit]
D_linear = 34.071710213609386
D_Zdelta = 3858785.6617958834
D_mu0 = 3858785.6617958834
D_mu2 = 15618290.11382185
D_mu4 = 13148192.302497217
D_mu6 = 3069818.7651421293
f = 0.6188894749277754
