[rsd_fit]
D_linear = 34.071709329818795
D_Zdelta = 3914589.5147915506
D_mu0 = 3914589.5147915506
D_mu2 = 15811221.350643935
D_mu4 = 13275354.65137435
D_mu6 = 3087849.241291977
f = 0.6188894287255566
