[rsd_fit]
D_linear = 30.14178740887771
D_Zdelta = 2374573.259710367
D_mu0 = 2374573.259710367
D_mu2 = 11973486.979252702
D_mu4 = 11804447.917779215
D_mu6 = 3172381.165210426
f = 0.7234336613664932
