[rsd_fit]
D_linear = 30.141786832115688
D_Zdelta = 2149258.0421057614
D_mu0 = 2149258.0421057614
D_mu2 = 11258254.23421335
D_mu4 = 11318844.110724993
D_mu6 = 3110093.2279824493
f = 0.7234336249003989
