[rsd_fit]
D_linear = 30.141786832115688
D_Zdelta = 2397654.0302118054
D_mu0 = 2397654.0302118054
D_mu2 = 12060337.368817616
D_mu4 = 11871394.939442743
D_mu6 = 3184097.9572415533
f = 0.7234336249003989
