[rsd_fit]
D_linear = 38.52869437729567
D_Zdelta = 5796293.8730230415
D_mu0 = 5796293.8730230415
D_mu2 = 17180515.31833414
D_mu4 = 11443991.601769261
D_mu6 = 2172427.4056862304
f = 0.48310349907453215
