[rsd_fit]
D_linear = 38.52869437729567
D_Zdelta = 6400998.265890121
D_mu0 = 6400998.265890121
D_mu2 = 18467521.407327946
D_mu4 = 12049798.807878677
D_mu6 = 2232902.982480542
f = 0.48310349907453215
