[rsd_fit]
D_linear = 38.52869578570246
D_Zdelta = 6262953.848104105
D_mu0 = 6262953.848104105
D_mu2 = 18058737.439257447
D_mu4 = 11839540.792628497
D_mu6 = 2211167.575393731
f = 0.4831035403965806
