[rsd_fit]
D_linear = 23.998527487672327
D_Zdelta = 844791.0420286291
D_mu0 = 844791.0420286291
D_mu2 = 5671668.053127099
D_mu4 = 6766207.1614028625
D_mu6 = 2169839.5504718362
f = 0.8523401742332647
