[rsd_fit]
D_linear = 23.998527727338026
D_Zdelta = 958866.84202343
D_mu0 = 958866.84202343
D_mu2 = 6123432.291181893
D_mu4 = 7128716.061200409
D_mu6 = 2221258.065714529
f = 0.8523401911184361
