[rsd_fit]
D_linear = 23.998527487672327
D_Zdelta = 963493.7900261971
D_mu0 = 963493.7900261971
D_mu2 = 6142122.257210916
D_mu4 = 7145682.086732694
D_mu6 = 2225006.0129539617
f = 0.8523401742332647
