[rsd_fit]
D_linear = 26.799465909219865
D_Zdelta = 1488327.7500326
D_mu0 = 1488327.7500326
D_mu2 = 8655027.198035453
D_mu4 = 9437562.46234757
D_mu6 = 2774288.6118764738
f = 0.7990748923295428
