[rsd_fit]
D_linear = 26.79946559783192
D_Zdelta = 1329651.3625768875
D_mu0 = 1329651.3625768875
D_mu2 = 8079417.463294846
D_mu4 = 9005089.628071502
D_mu6 = 2715288.406691618
f = 0.7990748547435417
