[rsd_fit]
D_linear = 26.79946559783192
D_Zdelta = 1498356.2235233067
D_mu0 = 1498356.2235233067
D_mu2 = 8694541.129303934
D_mu4 = 9471209.029841764
D_mu6 = 2781061.1215464924
f = 0.7990748547435417
